,D1,D2,D3,D4,D5,IVS
D1,1.0,0.0137,-0.0284,-0.013,-0.0338,0.7923
D2,0.0137,1.0,0.1112,0.0732,-0.2122,0.459
D3,-0.0284,0.1112,1.0,-0.1189,0.0516,0.2337
D4,-0.013,0.0732,-0.1189,1.0,-0.0488,0.2514
D5,-0.0338,-0.2122,0.0516,-0.0488,1.0,-0.1039
IVS,0.7923,0.459,0.2337,0.2514,-0.1039,1.0
