,D1,D2,D3,D4,D5,IVS
D1,1.0,0.1442,0.257,0.5573,0.6718,0.9195
D2,0.1442,1.0,-0.1304,0.1278,0.1558,0.4445
D3,0.257,-0.1304,1.0,0.1474,0.2439,0.2889
D4,0.5573,0.1278,0.1474,1.0,0.6342,0.6641
D5,0.6718,0.1558,0.2439,0.6342,1.0,0.707
IVS,0.9195,0.4445,0.2889,0.6641,0.707,1.0
